# unix_time, cycles_done, cur_path, paths_total, pending_total, pending_favs, map_size, unique_crashes, unique_hangs, max_depth, execs_per_sec
1572281498, 0, 0, 2, 2, 2, 2.34%, 0, 0, 1, 18.37
1572281508, 0, 0, 3, 3, 2, 2.45%, 1, 0, 2, 28.99
1572281513, 0, 0, 7, 7, 2, 2.48%, 1, 0, 2, 28.95
1572281519, 0, 0, 14, 14, 2, 2.49%, 1, 0, 2, 27.41
1572281529, 0, 0, 16, 16, 2, 2.49%, 1, 0, 2, 31.92
1572281534, 0, 0, 18, 18, 2, 2.49%, 1, 0, 2, 32.28
1572281539, 0, 0, 22, 22, 2, 2.50%, 1, 0, 2, 29.85
1572281544, 0, 0, 28, 28, 2, 2.50%, 1, 0, 2, 29.46
1572281549, 0, 0, 29, 29, 2, 2.50%, 1, 0, 2, 31.45
1572281555, 0, 0, 33, 33, 2, 2.51%, 1, 0, 2, 30.80
1572281565, 0, 0, 34, 34, 2, 2.51%, 1, 0, 2, 31.34
1572281570, 0, 0, 40, 40, 2, 2.53%, 1, 0, 2, 29.00
1572281575, 0, 0, 41, 41, 2, 2.53%, 1, 0, 2, 30.58
1572281586, 0, 0, 46, 46, 2, 2.53%, 1, 0, 2, 29.63
1572281596, 0, 0, 49, 49, 2, 2.53%, 1, 0, 2, 30.44
1572281601, 0, 0, 52, 52, 2, 2.53%, 1, 0, 2, 31.08
1572281611, 0, 0, 54, 54, 2, 2.53%, 1, 0, 2, 30.77
1572281621, 0, 0, 57, 57, 2, 2.54%, 1, 0, 2, 29.28
1572281632, 0, 0, 59, 59, 2, 2.54%, 1, 0, 2, 31.22
